0
0
1
3
5
7
9
11
13
15
17
19
21
23
25
27
29
31
Path: [259, 260, 259, 260, 259, 260, 259, 260, 259, 260, 259, 260, 259, 260, 259, 260, 259, 260]
0
0
0
1
2
3
4
5
6
Path: [258, 258, 258, 258, 258, 258, 258, 261, 258]
0
2
4
5
7
9
11
13
15
17
Path: [261, 259, 259, 259, 259, 259, 259, 261, 259, 261]
0
2
3
5
7
8
10
12
14
16
Path: [258, 258, 258, 258, 258, 260, 258, 260, 258]
0
2
3
5
6
8
10
12
14
16
18
20
22
24
Path: [260, 259, 259, 259, 259, 259, 259, 261, 259, 261, 259, 261]
0
1
2
4
6
8
10
12
14
14
Path: [258, 258, 258, 258, 258, 258]
0
2
4
Path: [260, 260, 260]
0
2
4
5
5
6
8
10
12
13
15
17
19
21
23
25
26
27
29
31
33
35
37
Path: [259, 261, 261, 259, 259, 261, 261, 261, 261, 258, 261, 258]
0
2
3
5
5
6
8
10
12
14
15
17
19
21
23
25
27
29
31
33
35
37
39
41
43
45
47
49
51
53
54
53
Path: [260, 260, 259, 260, 260, 259, 259, 260]
0
2
3
4
6
8
10
12
14
16
18
19
20
21
22
23
25
27
28
30
31
32
33
34
35
36
37
38
39
40
42
43
45
46
Path: [258, 258, 258, 258, 260, 258, 260, 260, 258, 258]
0
0
1
2
3
4
6
8
10
Path: [261, 261, 261, 261, 259, 259, 261, 261]
0
2
4
6
8
10
12
14
16
17
19
21
23
25
27
29
31
33
35
37
39
41
43
45
47
49
51
53
55
57
59
61
62
63
64
66
68
69
70
71
73
75
77
78
79
81
82
83
84
85
85
Path: [259, 259, 259, 259, 261, 261]
0
2
4
4
5
6
7
9
10
12
14
16
18
20
22
24
26
28
30
32
34
36
38
40
42
43
45
47
49
51
53
55
57
59
61
63
65
66
68
70
72
74
76
77
78
80
81
83
84
86
87
89
Path: [258, 260, 258, 258, 258, 258, 260, 260, 259, 259, 259, 260, 260, 260, 259, 260]
0
2
3
5
7
9
Path: [258, 258, 258, 258, 261, 258]
0
1
2
3
4
5
6
8
10
12
14
16
Path: [261, 261, 261, 261, 261, 261]
0
1
3
5
7
9
11
13
15
17
19
21
23
25
27
29
31
33
35
37
39
41
43
45
47
49
51
53
55
57
59
61
63
65
67
69
71
73
75
77
79
81
83
85
87
89
91
93
95
97
99
101
103
104
105
107
109
111
113
115
117
118
119
120
122
124
125
127
129
131
133
135
137
138
139
140
142
143
145
146
148
150
152
153
154
156
Path: [259, 259, 260, 259, 259, 259, 260, 260, 260]
0
2
Path: [258, 261]
0
1
3
4
Path: [258, 260, 260, 258]
0
2
3
4
5
5
4
6
8
10
10
10
9
11
13
13
14
14
13
14
15
17
19
21
23
25
27
29
31
33
35
37
39
41
43
45
47
49
51
53
54
56
57
59
61
63
64
66
68
70
72
74
76
78
80
82
Path: [261, 258, 261, 259, 261, 258, 261, 261, 259, 259, 259, 259, 259, 259, 259, 260, 260]
0
2
4
6
8
10
12
14
16
18
20
22
24
26
28
30
31
33
35
37
39
41
43
45
47
49
51
53
54
56
57
59
60
61
63
65
67
68
69
70
71
72
74
76
77
78
Path: [260, 260, 260, 260, 258, 258]
0
2
4
6
8
10
11
13
15
16
17
19
21
23
24
26
27
28
30
31
32
33
34
35
36
38
40
42
Path: [260, 260, 258, 258, 258]
0
1
3
5
7
9
11
Path: [261, 261, 261, 259, 261, 259, 261]
0
2
4
6
8
10
11
13
15
16
18
20
22
23
24
Path: [261, 261, 259, 259, 261, 261]
0
1
2
2
3
4
5
4
6
7
8
8
10
12
13
14
14
16
18
20
20
22
24
24
25
26
27
29
30
Path: [259, 260, 260, 260, 258, 260, 258]
0
1
0
1
2
4
6
6
7
7
7
7
6
7
8
8
8
8
7
6
8
10
10
12
12
13
13
13
13
12
12
13
13
15
16
17
19
20
21
22
24
26
26
Path: [260, 260, 259, 261, 259, 261, 259, 260, 260, 258, 260, 258, 258, 258, 261, 261, 261, 261, 259, 261, 261]
0
2
4
4
6
7
8
Path: [258, 260, 258, 260, 260, 260, 258]
0
2
4
6
8
10
10
12
14
15
16
17
19
21
23
25
27
29
31
32
33
35
37
39
41
43
45
47
49
50
52
54
56
58
60
62
64
65
66
67
Path: [260, 260, 260, 260, 258]
0
1
2
3
5
Path: [261, 261, 261, 261]
0
1
3
3
4
5
6
8
9
8
9
11
12
13
14
14
15
15
15
14
15
16
16
16
16
16
15
15
15
15
14
14
15
16
16
17
17
18
19
19
18
18
18
18
17
17
17
16
16
15
15
17
18
19
20
21
21
22
23
24
24
24
25
26
26
27
27
28
29
29
28
28
28
27
27
27
26
26
26
26
26
26
28
29
29
30
31
33
34
33
34
35
36
37
37
38
39
39
40
41
42
41
41
42
43
43
43
43
43
43
43
42
42
42
42
44
44
45
47
47
49
50
50
49
51
52
53
54
55
56
57
58
58
58
58
57
58
58
60
60
62
62
64
64
65
67
67
69
70
70
69
71
71
71
71
70
70
69
70
72
73
74
75
76
77
77
78
79
80
80
81
82
83
83
84
85
86
87
88
87
88
89
89
90
91
92
93
93
93
93
93
93
93
92
92
91
93
94
95
96
97
98
100
101
102
101
102
104
105
105
104
105
107
109
110
110
110
110
110
109
110
111
113
114
114
114
113
114
115
115
115
115
116
117
117
118
119
119
119
120
121
122
122
121
122
123
123
123
122
122
122
122
122
123
123
124
124
124
124
124
123
123
122
122
121
121
121
120
119
118
118
117
118
119
119
120
121
121
121
121
122
123
123
124
125
126
127
128
129
130
129
130
131
132
132
133
134
134
134
134
134
134
134
134
134
135
136
137
137
138
140
141
140
142
144
145
145
145
145
145
147
147
149
149
151
151
153
153
155
155
157
157
159
159
161
161
160
161
161
161
161
161
160
159
158
157
157
156
156
155
155
154
154
153
153
153
152
152
152
151
151
151
151
151
151
151
151
151
151
152
153
153
153
153
152
152
151
152
152
153
154
154
155
156
157
158
157
158
159
159
160
161
162
162
163
164
165
166
166
165
166
167
168
168
168
169
170
170
170
169
169
169
169
170
170
170
171
171
172
172
173
174
174
175
175
176
176
177
178
178
178
178
178
178
177
177
176
176
176
176
175
175
174
174
173
173
172
172
172
171
171
171
170
170
170
170
170
169
170
170
171
171
172
173
173
174
175
176
175
175
176
177
177
177
177
177
177
177
176
177
177
178
178
178
178
177
177
177
176
176
175
175
174
174
174
173
172
173
174
174
175
176
177
178
179
180
181
182
183
184
184
185
186
187
187
188
190
191
190
191
192
193
195
197
198
198
198
198
198
197
198
200
201
201
200
202
203
203
203
204
203
203
203
204
205
206
206
207
209
210
209
210
211
212
213
214
216
216
217
218
220
220
222
223
223
222
224
225
225
225
225
225
225
225
225
225
225
225
224
223
223
223
222
221
220
221
222
223
225
227
228
228
228
228
230
232
231
232
233
234
235
236
236
238
239
240
241
242
243
244
244
246
247
248
249
250
251
252
252
254
255
256
257
258
259
260
260
261
262
263
263
264
265
266
267
267
268
269
270
271
270
271
272
272
273
274
275
276
277
278
279
280
281
282
282
282
282
282
282
282
282
281
283
283
284
285
287
288
288
290
291
292
292
291
293
293
295
296
297
297
296
298
300
300
301
300
301
302
301
300
300
302
302
304
306
307
308
308
308
308
308
309
310
310
310
309
309
309
308
308
310
310
309
309
311
313
314
315
315
315
315
316
317
317
317
317
316
316
316
315
315
316
315
317
318
318
320
321
322
323
324
326
326
327
329
330
330
332
333
333
335
337
336
336
338
340
340
340
339
339
341
343
343
343
342
342
344
346
346
346
345
345
347
349
349
349
349
349
348
350
352
352
352
351
351
353
355
355
356
355
355
354
356
358
358
359
359
359
359
359
359
358
357
357
357
357
357
357
357
357
357
357
356
355
354
353
352
351
350
349
348
349
350
351
352
353
354
354
354
354
354
355
356
356
357
358
359
360
361
362
363
364
365
366
367
368
369
370
371
372
372
371
371
371
371
371
371
372
373
373
374
375
375
376
377
378
379
380
381
382
383
384
385
386
387
388
388
389
390
391
391
390
391
392
392
392
392
392
392
392
392
393
393
393
394
394
395
396
396
396
396
397
398
398
399
399
400
401
401
402
403
404
405
404
403
403
403
403
403
403
403
403
403
403
403
402
402
403
403
403
404
404
405
406
407
408
409
408
408
408
408
409
409
410
410
411
412
413
414
415
416
417
416
417
418
419
419
420
421
421
421
421
421
421
421
421
421
421
421
422
422
423
423
424
424
424
423
423
423
423
422
423
423
423
424
424
425
426
427
428
429
428
429
430
430
430
430
430
429
429
429
429
429
429
429
429
428
428
429
430
430
431
432
433
434
435
436
437
438
439
440
441
442
443
444
445
446
446
445
445
445
445
445
445
446
447
447
448
449
450
451
450
451
453
454
454
453
454
456
458
458
459
458
459
460
459
458
458
459
460
462
463
463
463
463
463
462
463
465
466
466
466
465
466
467
469
471
472
473
473
473
473
474
475
475
475
475
474
474
474
473
473
472
472
473
475
477
478
478
479
479
479
479
479
480
480
481
482
483
482
483
482
484
485
485
485
485
485
486
487
488
487
488
490
491
491
490
492
494
495
496
496
497
497
498
499
499
499
500
500
500
501
500
500
499
498
499
500
501
502
501
502
504
505
505
504
505
507
509
510
510
511
511
511
512
512
512
513
513
514
515
514
515
514
516
517
517
517
517
518
518
518
519
519
519
520
520
520
521
521
521
521
521
521
521
522
523
524
525
526
527
528
530
530
532
532
534
534
536
536
538
538
540
540
542
542
544
544
546
546
548
548
550
550
552
552
554
554
556
556
558
558
560
560
562
562
564
564
566
566
568
568
570
570
569
569
568
567
566
565
564
563
562
561
560
561
561
560
560
561
561
560
560
561
561
560
560
561
561
560
560
561
561
560
560
561
561
560
560
561
561
560
559
560
560
559
558
559
559
558
557
558
558
557
556
557
557
556
555
555
555
554
554
554
553
553
553
552
552
552
551
551
551
550
550
550
549
549
549
548
548
548
548
548
548
547
547
546
546
545
544
543
542
541
542
542
542
542
542
543
543
543
543
543
544
544
544
544
544
545
545
545
545
545
546
546
546
546
546
547
547
547
547
547
548
548
548
548
548
549
549
549
549
549
550
550
550
550
550
551
551
551
551
551
552
552
552
552
552
553
554
554
553
553
553
554
555
555
554
554
554
555
556
556
555
555
555
556
557
557
556
556
556
557
558
558
557
557
557
558
559
559
558
558
558
559
560
560
560
560
560
561
562
562
562
562
562
563
564
564
564
564
564
565
566
566
566
566
566
567
568
568
568
568
568
569
570
570
570
570
570
571
572
572
572
572
572
573
574
574
574
574
574
575
576
577
578
578
578
578
578
577
577
577
577
578
579
579
580
581
582
583
583
584
585
586
587
587
588
589
590
591
591
592
593
593
593
593
593
594
595
596
596
598
599
600
602
603
602
604
604
605
606
608
608
610
610
611
612
613
614
616
618
617
618
619
620
621
623
624
625
626
627
628
630
631
631
633
634
635
635
634
635
637
639
640
641
641
641
641
642
643
643
643
643
643
643
642
642
644
646
646
647
646
647
648
647
646
646
648
650
651
652
652
653
653
654
655
655
655
655
655
656
656
657
656
655
654
653
654
655
654
654
654
655
656
655
655
655
656
657
656
656
656
657
658
657
657
657
659
660
660
662
662
664
664
666
666
667
668
669
670
671
672
673
675
676
676
678
679
679
681
682
682
684
685
685
687
689
688
688
690
692
692
692
691
691
693
695
695
695
695
695
694
696
698
698
698
697
697
699
701
701
701
701
701
700
702
704
704
704
704
704
704
706
708
707
707
709
711
711
711
710
710
712
714
714
715
715
715
715
715
715
714
716
718
718
719
718
717
717
719
721
721
722
722
722
722
722
722
721
723
725
725
726
726
726
726
727
728
727
726
725
725
724
723
722
722
722
723
724
724
725
726
726
727
728
728
729
730
730
731
732
732
733
734
734
734
735
735
735
736
736
736
737
737
737
738
738
738
738
738
737
736
735
735
734
734
735
735
736
737
738
739
739
740
741
742
743
743
744
745
746
747
747
748
749
750
751
751
752
753
754
755
755
756
757
758
759
760
761
762
763
762
763
764
765
766
767
766
767
768
769
770
771
770
771
772
773
774
775
774
775
775
775
776
776
777
778
779
779
780
781
781
782
783
784
785
786
787
788
787
788
789
790
791
792
792
792
793
794
794
795
796
797
798
799
800
801
800
801
802
803
804
805
805
806
807
807
808
809
810
811
812
813
814
813
814
815
816
817
818
818
819
820
820
821
822
823
824
825
826
827
826
827
828
829
830
831
831
832
832
832
833
833
834
835
836
836
836
836
837
838
839
840
839
840
841
843
845
846
846
847
847
847
848
848
849
849
850
851
852
852
851
850
851
852
853
855
857
859
861
Path: [261, 259, 261, 261, 261, 259, 261, 259, 259, 259, 260, 260, 260, 260, 260, 260, 260, 260]
0
2
4
5
6
7
8
10
12
14
15
17
19
21
22
24
26
28
29
31
33
35
37
39
41
43
45
46
47
48
50
52
54
56
56
57
58
59
60
61
62
63
64
65
66
67
67
68
70
72
74
76
78
79
80
81
83
85
87
89
90
91
92
93
94
94
95
96
97
98
99
100
101
102
103
104
104
105
106
107
108
109
110
111
112
114
114
113
113
114
114
115
115
117
118
120
122
124
126
128
129
131
133
Path: [258, 261, 261, 261, 261, 261, 261, 258, 258, 260, 259, 260, 258, 260, 258, 258, 261, 261, 261, 259, 261, 261]
0
1
2
2
3
4
6
7
8
9
10
11
12
14
16
17
18
20
22
Path: [259, 260, 259, 259, 259, 260, 260, 260, 260, 260, 260, 260, 258, 261, 261, 258]
0
2
2
2
2
2
2
2
2
3
3
3
3
4
5
5
6
7
8
7
9
9
10
11
13
14
16
16
17
18
19
Path: [261, 259, 261, 261, 261, 258, 258, 260, 259, 260, 258, 258, 260, 258, 261, 261, 259, 261, 261, 261, 259, 259]
0
1
2
1
2
4
5
6
7
8
9
10
12
14
16
17
19
21
Path: [260, 259, 259, 260, 260, 260, 260, 260, 260, 260, 258, 261, 258, 258]
0
2
4
6
8
10
12
14
15
Path: [258, 258, 258]
0
2
4
4
4
Path: [261, 259, 259, 259, 261]
0
0
1
2
2
2
1
1
1
1
2
3
4
5
7
7
8
8
9
10
12
12
14
14
15
15
16
17
18
17
17
16
17
17
18
19
19
20
21
22
21
22
23
23
24
25
26
25
26
27
28
28
29
29
29
29
30
31
31
32
33
34
33
34
35
35
35
35
35
35
35
35
35
34
34
34
33
33
32
33
34
34
34
34
35
35
34
35
35
36
36
37
36
37
37
38
38
37
37
37
37
38
39
40
41
41
41
42
42
43
44
45
46
46
47
47
47
48
48
49
48
49
49
49
50
50
49
50
50
50
49
49
50
51
51
51
51
51
52
5